1160450460
1160450461
1160450464
1160450451
1160450452
1160450481
1160450474
1160450492
1160450468
6.9542E+12
1160450456
1160450496
1160450493
1160450470
1160450500
1160450497
1160450485
1160450488
1160450499
1160450458
1160450486
1160450495
1160450482
1160450478
1160450471
1160450487
1160450466
1160450483
1160450453
1160450491
1160450489
1160450455
1160450469
1160450479
1160450494
1160450463
1160450476
1160450454
1160450459
1160450477
1160450473
1160450490
1160450484
1160450480
1160450498
